4212
4927
1973
608
2368
2873
4858
451
1581
1516
5148
6284
2512
1835
3578
5696
6198
3129
3858
2889
4305
4257
6953
2513
5663
1514
4263
5022
4714
4361
2759
3914
1462
122
4595
6402
6494
4006
2479
2026
3180
6482
3079
3376
5253
447
6236
5187
5179
1538
4929
3137
4323
4868
4396
871
6182
5486
4009
1840
5276
2579
5928
4825
5706
1832
6836
1604
1102
3509
5991
4187
2572
771
1642
4679
4389
1372
98
4387
5505
6963
3984
4520
4038
4492
745
2840
3197
6493
2562
4805
5547
2191
5534
6525
4766
3248
2698
6412
173
332
6649
5482
1437
3894
2405
4385
1791
634
6245
2183
6733
2878
6416
1053
6999
5869
5618
1346
6305
1215
5291
555
1450
2310
6914
4181
970
2287
6456
3115
4992
5923
1270
1031
5181
5365
3840
3012
395
4230
2516
3772
6049
1878
4225
2643
931
4541
1610
1008
1995
698
5443
3896
6227
1284
1533
3949
4615
3736
4483
4601
6057
3032
6727
5724
2622
3166
5335
6018
4785
6444
4145
293
4824
5467
6476
5103
5934
243
4321
2276
5448
2677
1046
2126
1836
2442
280
5792
6177
691
2882
5410
6603
2597
6897
5120
4030
31
6625
1177
642
2278
5860
3975
360
4698
3095
6678
1722
4664
1559
6106
4495
407
3469
4418
4477
6460
5796
39
4045
3195
2390
2630
1924
3644
4608
2157
2576
21
459
2116
6916
1927
2262
6033
959
6210
3606
6388
2828
4583
5662
859
4700
260
3048
6166
5659
3133
1758
3989
5236
3996
3645
6039
6246
6943
5749
3627
5840
4960
1063
6722
2778
5947
2372
1206
302
652
1106
6580
174
6670
5891
1891
6804
6627
6129
2422
1127
544
6699
1025
5274
4872
4099
4487
33
1241
757
4227
2016
1232
6012
1186
2285
3046
5301
4318
4874
772
5698
3517
1568
4548
6809
3651
6945
1846
3909
6518
645
2608
1847
151
2600
2955
1434
4097
2148
6255
5261
2008
795
5101
1966
1782
6315
4075
4778
6159
4139
677
2167
4118
3450
2864
3475
4622
2976
342
3971
6705
3258
2943
743
3037
3013
1723
91
2286
3162
704
3151
5520
4343
1139
1239
5311
599
4195
3109
6784
4417
5513
3555
2200
1447
6256
5802
5608
1448
722
2483
5444
1614
2210
6066
1624
5674
3851
6128
6052
2735
5056
2129
5496
2174
5992
864
6478
300
6703
2667
2702
169
998
6815
3461
4163
1367
324
1677
6222
4530
5551
3355
1703
4381
5616
1648
5603
783
6101
4542
755
4916
6043
6850
681
4114
519
6034
3759
6310
6353
4309
982
1388
2996
3252
4231
5360
2757
4945
2137
4159
4569
3410
6019
1051
1909
5325
5199
2549
5571
4289
3019
3994
439
3297
2792
2195
5310
2768
1530
2766
5909
5780
5170
2332
2492
408
5942
4290
5597
2294
2743
3267
2293
2833
4909
6796
2470
1247
4957
4511
3786
4539
1386
6516
1828
3910
303
741
1299
3318
796
3588
5395
1752
2252
4796
2218
5138
3008
904
4301
1512
6486
5535
5757
5118
5431
6065
6173
6324
90
145
1735
5937
5635
5034
4055
3328
4590
5006
2780
4912
6457
5011
2723
3877
893
4420
2985
5912
1439
118
3044
6924
4274
4441
6354
5969
6930
3943
762
6299
189
3673
5722
3813
5790
671
1087
3838
4383
1473
2440
3473
2394
318
624
2534
3663
5137
3387
111
1216
2903
1368
3357
2595
2906
126
4631
3585
2413
4985
3792
4798
2767
2941
2209
240
2548
4728
2071
815
4918
823
1502
6640
6473
1048
4841
5984
6620
2514
1022
6021
3972
797
1699
4896
4127
4069
6537
4953
6927
3425
2818
761
591
1674
5821
2074
6112
1663
4696
5117
422
4394
2965
1848
474
837
1640
2980
2360
5642
2642
1597
4903
870
4673
2297
6817
4359
1830
5680
5586
4602
748
4061
3530
531
6413
401
1229
2189
1940
6650
6137
3064
5539
5499
6993
1374
2583
2575
4949
3460
1978
3564
5644
5857
164
4676
305
34
6668
4134
3642
5
1456
5230
6215
2620
4196
6036
947
880
3005
264
3299
6104
6060
4371
1126
1122
5694
6334
719
833
6439
1469
6781
4073
5041
1137
6758
3988
751
6279
6336
3420
6869
4311
6908
4863
4329
3483
5852
731
4534
4020
3789
5990
788
2300
839
2053
3397
4016
2364
418
672
517
943
335
6053
4930
120
270
4931
5294
1064
3302
4643
389
1120
3906
1458
2160
4967
2115
876
6748
6799
766
5252
1430
2823
2705
6513
518
1688
850
5654
1687
3059
4473
4373
803
3978
1880
3222
6385
227
2354
159
4579
4948
5542
592
5549
3763
840
4048
2343
1492
4156
6351
5383
3141
3155
6109
4628
3501
2145
2133
4808
2290
5489
4386
5451
4149
3942
1781
1623
3639
4965
4834
6208
1350
6549
2804
235
3921
804
5344
2308
709
4102
3132
6103
2945
3780
54
6448
1507
505
487
5112
2879
5192
5837
2774
962
2626
4104
3230
3009
375
635
2267
2719
5953
3679
1227
1221
6972
1444
3442
1328
4410
648
1594
5028
147
2770
2248
2402
3443
2313
5718
660
1888
4256
6830
1154
930
5429
5905
3382
4200
868
2729
4760
1993
6574
1097
3856
6554
878
2
1876
4506
1839
5468
4658
2871
789
357
5721
6239
3675
5470
6837
6858
4754
6380
2420
2003
4543
95
869
5100
4821
4436
2374
1638
4243
3954
2247
5716
3111
165
4914
4088
3067
5037
801
6964
2730
6352
2711
5079
4888
6795
319
5650
3419
3401
5939
4206
1269
4166
5216
5469
1895
1714
690
5202
5611
738
879
1366
6392
5203
4768
5836
5043
3742
5592
2269
4746
2295
135
5104
593
268
2473
5380
5372
2378
1146
6228
1194
5624
1060
2525
5464
3556
1196
67
1521
3981
1263
3862
529
5366
2556
2590
1500
2581
3014
4042
3272
5686
5968
2791
2910
15
881
673
1007
5883
5287
2779
5664
1518
1793
6081
2863
3548
5445
4592
1460
2438
1930
3176
5528
6978
5122
2987
6531
6139
139
4036
134
2250
2915
5892
6801
6337
6485
1375
650
6029
4376
598
1718
2309
1598
4587
4586
2079
3885
1318
4144
6459
68
5494
4213
3891
4237
4752
309
541
6691
4298
3998
6544
6745
6186
3864
4236
831
2224
5503
3750
1635
4527
1225
4735
114
4647
1449
3423
5379
463
4460
3422
4514
4258
3587
3174
955
4823
424
5012
5316
1573
910
583
1929
4616
2367
6503
5280
3424
5615
1904
368
1414
1915
5030
2699
5055
2430
4725
5963
6831
10
4640
6952
5763
4915
3269
3371
6517
5337
3502
3636
2090
5154
5378
6498
2876
5762
6548
6197
3822
912
6749
5766
398
1863
100
6417
2478
3154
53
3499
6720
4905
6341
2010
2918
5134
6387
974
3875
950
1369
5263
4331
3731
3261
3622
3843
4784
104
5637
5349
4285
898
6495
4116
3890
674
6335
5652
4291
3395
1938
4452
334
577
2012
3986
295
5578
882
2179
3923
5000
175
6479
2872
4424
3099
3518
5798
3926
4802
1798
1717
6233
3715
6037
5091
5895
901
3657
217
2648
1476
359
29
3753
5446
3694
6374
6925
1662
5454
5566
320
2381
6464
4920
1532
3170
5343
5867
5345
6042
3936
2485
1520
949
2655
3722
725
6223
1578
460
5096
2419
3728
1016
6712
705
1116
688
2627
6243
720
356
3716
399
3187
2932
3907
1869
1131
4353
3842
1806
1562
2822
6717
2193
5385
5272
4415
4852
3873
1024
968
6213
4409
5326
3844
2461
132
1829
1062
4944
1121
3889
5119
5040
290
5772
5010
185
2493
3093
4846
1762
148
6619
1010
735
6571
891
4098
223
6552
5789
1629
5328
5719
1742
4039
3160
44
4137
5411
5478
6642
2967
852
1564
1939
6438
4028
5283
3771
472
1580
183
3902
651
4822
1517
1208
5466
2401
596
5020
3128
364
5442
6918
6253
1396
4764
2249
4255
372
1707
6241
466
5588
528
647
4528
5816
1630
6771
2656
4095
1124
2854
1900
4393
1755
6695
6327
4980
215
4618
4850
1801
1242
3464
1744
2084
883
3678
76
747
559
2353
6572
279
3535
3520
5614
337
1599
6773
1800
3236
5524
2107
3734
5962
3719
3239
2475
6386
584
2177
5917
5596
5784
5846
5042
1404
6306
4208
3121
6046
3892
2335
3255
3035
2651
2045
2716
3528
4449
6301
5184
3265
2974
5865
5881
3030
5781
6601
649
6876
1321
825
669
822
3597
3348
6014
1297
4814
6512
6766
2219
3632
3220
1712
1975
210
5389
3995
5247
3415
1885
665
1837
6146
4110
5711
4964
484
726
6614
639
6349
3616
4435
1133
5354
892
946
6659
2204
4034
739
3812
3959
2853
6967
2675
2861
2017
5604
3846
3480
3194
3688
4713
4977
2384
3793
2445
3946
6859
5509
2809
3532
6143
4440
4857
569
4476
4388
3122
2636
3979
886
6152
1096
3490
1061
2722
1442
5171
1543
3836
5826
5657
5352
516
6941
2466
4022
3281
4179
4319
1976
4382
2867
2168
6569
3767
1855
5084
6977
1515
3459
1525
1651
6328
6300
3455
2465
234
3757
5136
6843
2036
1020
59
441
1003
1110
2004
6810
4079
5713
5737
6723
5989
216
6958
3660
377
1856
2993
6283
2763
3795
6985
5210
6674
3883
3516
4013
218
1043
6787
2228
615
1545
2135
981
4781
1435
6090
828
112
5506
6880
3888
2547
5178
2020
6468
2132
1669
6852
5364
6390
2152
1181
213
5879
4736
6622
2564
1219
4117
6102
5976
253
1772
6171
1877
6000
2029
3361
2551
5893
6956
2341
3628
3563
5859
1957
5845
1943
3254
3438
6076
5759
170
1964
4732
811
3330
5896
4716
1645
5334
5452
3389
6909
5477
486
3437
1115
4849
3699
2091
1658
248
6610
835
4275
2298
5525
4320
1488
3279
4933
2748
146
291
149
4908
6862
2805
938
6786
5275
434
3053
1189
1850
6613
4958
3486
1571
6070
162
2592
3075
3143
742
3084
2002
6890
546
468
2885
1572
2895
3717
73
1510
3774
2299
5622
3533
4267
2948
6121
1076
2570
3937
4717
5876
6140
4308
4392
3611
5231
6994
2282
1353
4488
6268
6024
1312
5894
622
4871
2578
2434
3161
4648
5047
5176
6954
4969
1041
2926
3794
2952
4326
2048
3200
4935
4610
6396
6079
5159
2330
4250
2904
5708
3118
6868
4897
887
77
5944
3626
3102
3605
5938
380
6509
5595
6813
5183
2953
3676
2488
4538
6364
4598
4637
3368
2710
2457
6271
71
1932
440
4706
61
5480
6632
1664
1698
969
2326
2454
5949
2616
4107
498
3619
4792
1603
5066
1795
1504
69
979
5822
902
1223
228
4582
3514
4832
3519
1397
4486
5321
3958
5265
6960
5260
5215
4026
128
2123
3054
4668
5521
1501
2961
2924
2245
4984
2081
2515
393
5958
5132
3572
3063
265
4480
543
231
3352
4402
4164
241
6117
3485
1955
106
4310
6863
4731
5507
5583
133
1739
6605
5770
6917
503
1529
6522
383
2733
1018
6282
853
5212
3769
423
6688
2320
5235
4844
5095
6471
2329
1519
3332
4017
4513
4413
5849
1222
3513
2668
2658
3022
1111
470
1258
344
4989
6990
3091
1689
4940
4692
558
664
6142
2227
1468
3930
5975
6615
5090
6389
858
1634
5472
6296
6092
6756
4214
5036
6585
6515
3814
4509
1570
1040
6753
3179
1330
2138
5897
6281
50
5666
6879
2067
5111
32
3244
3078
2348
4687
3317
2645
6
6499
1799
2744
2639
1656
5402
3609
2240
4474
1606
5775
2535
6162
2707
5634
6031
5264
4613
4742
425
5740
1180
1192
6891
3412
5914
2139
654
4999
5875
2260
6824
2366
3029
5023
5309
4078
2609
1894
1332
2899
2369
4317
3493
4218
3444
4923
6432
1626
1325
1705
6411
5067
3546
6169
85
1250
2234
6377
5877
3270
4419
6440
1275
4092
3590
2006
6501
2647
1587
473
5304
3584
714
6687
779
3117
6483
5164
3021
5818
436
5453
4552
2765
5868
4748
6008
4626
932
2316
4433
381
2040
4056
3083
3077
5619
5329
1694
3770
842
4739
4205
330
5087
6923
5844
6860
2391
4074
1948
4148
5758
4600
769
834
917
2192
4811
5651
2362
6346
6762
5697
5808
6010
1077
694
2223
5756
4854
4997
181
5501
4287
5237
236
6750
5900
754
2355
3612
1505
3898
3381
3669
3847
5649
4986
3370
756
3240
2521
2503
2615
3576
922
2333
5457
5153
737
4847
4532
4172
4910
4795
3857
1494
6098
5946
3146
1272
6067
5014
4830
3581
211
693
350
1371
2817
5902
5299
6216
6579
5400
5517
1240
6536
2085
3082
1783
3125
4719
5128
5233
3435
5554
6415
5481
195
5582
2363
4380
749
6316
1262
5709
2794
3071
4399
1098
6621
2846
1738
2266
1949
3287
5678
6436
4660
4262
2435
2134
220
6905
1827
102
5559
2358
3108
4302
1693
1130
2037
4462
397
5005
5645
6155
897
6409
6127
4549
2432
3681
5771
6922
2970
5377
5945
6288
5558
865
2984
4875
4516
1582
885
5548
37
5653
990
884
933
3390
1684
1550
504
1713
5332
3379
6369
589
5594
237
3737
5681
3001
3263
2927
5129
409
3453
4328
4024
4366
6987
5201
6657
1675
4340
2229
4217
2603
1565
6502
1161
456
3315
6058
5993
6035
1941
3221
5455
5044
5573
1933
4995
5284
1370
5219
3662
1352
5691
417
4767
5026
1951
5806
2150
1977
964
6062
4286
2431
1341
6913
3417
2263
2306
5371
4467
5774
3739
1802
6904
6156
3322
6462
5340
572
1173
1872
6731
4634
4412
5161
1732
6414
806
6119
2035
4490
3264
3224
3754
2131
1165
6684
6827
1383
707
556
4557
5831
4080
6617
6437
1224
6266
6735
3096
2415
3169
753
2270
6022
1555
695
5670
2679
2173
4447
6163
6542
5591
2019
6545
6600
6739
6818
6294
277
1818
3233
4780
6257
921
266
3806
5995
724
2758
4239
6138
6736
6902
1563
1074
99
4838
6472
6853
785
3388
156
6638
2087
2838
3178
4620
2522
768
1982
5062
6948
3878
3349
1132
2738
5425
3656
5089
339
3534
5057
2646
2280
6534
4173
57
6309
2524
6209
2518
464
4405
1631
4128
4182
3225
1233
3827
1354
4191
4184
2633
2635
4560
1152
387
6526
6677
444
6726
6808
6663
6195
5560
5160
2214
6961
5760
4432
5510
4934
1902
6955
3692
1092
5151
2393
3232
5899
1989
1411
5331
3367
1596
6933
6760
1027
1859
6016
540
702
3594
1226
4783
5628
2777
5158
1187
5810
3863
4109
75
2005
493
6792
5815
2912
6275
204
915
4238
142
3150
80
2584
1203
171
2773
3366
3768
1842
1067
4913
2056
1090
3142
3697
4651
5424
6441
2969
1001
6453
5752
2015
5907
3503
3112
4065
1987
1751
3057
3175
1178
6788
5250
2901
2452
4667
6391
3253
6469
4865
549
4126
5488
4482
925
721
5955
5904
5033
1420
1579
1499
3944
6240
1167
3992
3661
1212
3629
3372
5303
3591
3741
4744
644
1265
5908
6470
3342
4235
5633
1728
3693
4201
6397
2265
5980
5008
6662
522
6496
6690
5809
1198
2762
816
4234
2396
6280
6164
5476
4932
1487
1999
258
5692
821
4562
6637
3025
2181
4395
186
3344
365
1884
1796
817
158
6582
3703
1012
6488
5964
2988
1546
6038
5209
3043
2417
1288
5418
336
6340
6656
1292
4121
6778
4115
1021
2464
5576
5727
1621
2841
5019
3377
3080
1637
3259
4150
3223
6970
3825
5540
2093
6641
5884
1355
4203
1527
5735
6089
371
4033
4627
1811
6484
3648
6458
6937
5324
3985
568
5126
1822
4444
3484
5059
6319
2951
1107
6308
201
6895
4512
2893
6141
6822
2745
5778
2695
3000
2890
2426
2946
2674
5847
5288
88
3206
3482
3751
5053
3340
4589
5497
3251
4314
911
4171
41
2505
3682
5730
4084
3929
1726
2412
2676
3668
4090
3704
4704
1036
3552
6176
1029
5015
2960
3829
6785
6132
5804
2528
1959
3565
378
5748
5373
5602
3498
4168
3604
4682
4261
5302
6096
5843
1936
1422
3201
6428
6591
449
5369
4936
1006
6504
6395
3928
6965
5077
826
3383
4469
1310
2062
2937
2803
6342
6558
2820
6543
161
4531
1431
1147
1335
5514
1498
3215
1633
988
4723
1138
321
4494
563
6765
27
1609
6889
1868
5245
5182
4867
1709
3257
536
6507
6764
6938
1513
2557
4125
1391
3538
5320
551
4891
2108
257
4423
3791
1358
3113
857
4580
1773
2356
782
5675
5289
565
903
1636
3087
3961
2018
2994
3941
1359
4892
1158
4885
4567
4709
6550
689
5638
966
3331
2428
1231
4378
6398
3449
2050
3617
3658
325
2649
6874
5805
5777
127
6344
6099
1364
3762
4693
3570
5533
2739
1495
5530
3542
1934
144
2098
2361
908
2460
2110
3072
906
1549
4439
2041
6312
2812
3301
1220
1769
1497
5599
1672
1566
163
1805
3761
3580
5901
520
2380
6191
838
4609
5419
4461
4277
6135
4496
2868
1935
4655
4428
6044
1300
1491
2324
585
1329
3278
1808
1881
412
3343
2159
1926
2683
4325
5339
5950
229
2436
1972
2769
5208
6774
4103
1068
5606
6184
4591
4570
4848
3446
3559
6356
2389
1080
4558
6131
4743
6856
6782
3247
3004
3489
5671
1095
5512
2727
1737
1169
5173
5672
1996
715
5743
6832
967
6741
495
4426
6224
5491
6030
327
3686
2673
668
1306
150
5315
348
2874
1903
4505
4313
987
5217
4211
2451
4772
2747
2998
5971
4316
2357
2641
4937
2482
1009
3558
16
5393
4228
5146
924
345
400
6940
872
421
6091
6751
5786
2517
6229
238
1747
3470
5313
557
3764
928
453
3784
4961
1506
6628
396
3760
2498
478
2852
6214
1417
4054
6161
4689
4663
5823
4000
2178
4646
2319
1406
6721
373
6939
5986
4765
2571
6776
1817
2063
929
1503
861
6929
4699
3219
561
1384
2057
222
1425
3818
4425
3061
1535
5097
2458
130
3202
2837
1601
5832
331
1141
1788
1756
3823
316
845
4630
848
4345
5214
6007
1255
2654
1866
2589
2468
2569
6907
5828
5882
5031
5495
5793
1639
4639
1451
4219
5222
219
193
1389
1531
5504
4478
1845
1844
6807
3852
3081
2425
5048
6576
2540
5689
5200
2706
1349
2911
3967
2024
1348
574
40
5420
226
2077
4143
1586
3031
4889
3808
978
426
2429
4887
1479
3356
6450
1886
2237
744
6383
554
1557
547
4176
1708
4809
6871
119
3107
5699
4453
3970
3039
2771
2653
5221
5609
1493
4695
997
6418
2141
5406
2208
6073
6093
5636
659
46
2082
3402
5537
703
5211
2238
1285
6529
4404
194
2618
2536
4649
5773
4898
3933
4800
1646
4266
521
2156
6959
5398
6919
3773
5930
1204
6861
489
1615
2531
1320
6063
4769
5306
110
4544
2162
179
3065
3196
6078
1188
1725
6474
1042
862
2172
1482
3213
1685
4956
923
3068
6051
5414
3205
4186
5430
4081
5078
6286
315
1405
4177
1421
3426
6475
1094
1311
1838
2851
750
4175
3045
1342
1958
2782
5407
1916
428
2736
937
5911
5246
5439
6793
490
249
3654
3363
5300
5213
1433
2169
6422
2161
5333
5973
6492
4130
3583
366
6487
5632
454
2964
6115
1860
6426
5330
2441
2684
5531
452
4561
4855
6379
6045
945
3325
1831
4135
6059
3706
5791
3817
3439
4242
716
5382
1814
5422
3839
2239
3016
5648
2149
2923
4278
5144
2544
2456
696
4271
2314
2790
4229
5438
2542
3345
729
4351
4840
6307
2539
3286
3997
97
2726
6086
6568
6899
4021
4806
4988
1256
1889
212
403
6729
299
1804
458
2700
6982
3607
3635
2678
5449
3431
3313
79
462
2532
3198
4064
2844
5685
2724
5515
5855
6713
3880
2671
4982
1264
4066
5098
2049
3024
1719
5072
3638
2696
5707
5002
5358
6611
5553
4568
1113
4365
1794
2913
4398
3962
2750
3088
508
1771
613
4357
5523
6996
3512
283
6350
3826
4158
4611
3413
3831
3515
3157
374
2561
3457
3106
1526
3674
5924
2086
4312
2104
637
830
1304
535
791
4040
13
6598
1144
5039
5629
4241
192
3351
5601
2546
855
5972
3478
2800
3119
2875
246
4046
254
1854
2453
4973
3911
4037
155
646
1201
3090
2611
338
1123
45
294
6976
2387
3471
6559
661
4895
3966
6110
5074
4465
154
4566
2644
1385
4581
3952
1170
5070
6158
2256
3696
6851
3569
3454
5959
4192
6697
2883
3732
272
6602
3018
597
1508
595
4284
6400
4734
4831
2814
4659
1649
3241
2845
3865
3295
6942
3011
6715
4161
3182
1911
2801
4553
1336
1763
616
6702
2545
4253
2347
5744
1749
55
6562
4547
4052
4518
4922
657
4624
4749
2272
4142
282
1441
3566
4344
4484
298
2072
6553
3168
3849
5227
1140
3243
1588
2338
5110
2497
2013
5281
6790
2728
6887
3346
6254
5075
5131
1200
1400
1260
6820
4076
3649
1595
3549
6181
5841
2379
2799
3824
1467
4222
758
994
3434
62
1655
3250
4633
2176
3536
5218
6108
2761
3311
6857
2526
1470
239
196
5764
3403
3922
4870
5361
6681
6844
2351
4083
2982
2813
5348
3211
1134
6370
4260
197
6123
2831
4372
3165
2395
6269
5640
5508
1676
4362
4670
1086
2859
3273
6734
6082
3664
6878
143
3052
687
4132
6394
2849
3729
2158
5387
6770
4403
580
6651
4861
4757
6704
1360
2407
1382
5974
5106
2344
2972
2305
5555
3136
953
3749
1475
1412
4391
1459
5492
3834
2991
2933
6100
1764
3610
430
311
5193
6251
2128
5579
6900
3036
2385
6265
539
1454
2216
5712
4437
3280
3228
252
1287
6538
6629
2073
304
6068
6027
723
4862
5668
2467
3960
4853
4702
4894
6846
514
6295
3488
1950
6133
3218
2122
5357
5957
2502
4680
1528
2687
2625
6231
1690
2398
5205
963
3899
5830
532
5259
775
6023
5391
326
2740
2944
427
2565
612
1079
2277
5948
5788
6406
6752
103
1965
3776
2202
6563
4456
1680
2857
1039
533
4300
3404
918
3882
92
410
836
6821
1785
2797
3577
4729
875
3408
2907
416
4803
4341
3227
2968
5667
1403
5046
1605
1729
4537
1560
4773
1484
4650
203
3738
2327
5702
5243
6527
765
3245
4356
590
1056
4233
4259
2487
4638
6095
2764
1779
4884
3733
4094
4330
1047
6442
658
5093
6149
4556
1857
6218
5880
6490
5610
3183
6273
3324
116
6211
2259
655
1960
2186
5985
353
3359
5726
5999
1373
711
3458
5317
1826
2125
4962
3987
4004
5888
1787
501
5490
1974
957
5612
5941
5267
5920
2519
3411
5376
5874
5107
3915
1789
1825
6025
2701
2477
1585
3101
2205
1981
1251
6590
3680
5605
512
2717
2408
2829
510
5787
4776
1236
2712
4352
4374
4869
5427
5479
2601
5541
3710
6870
1988
965
3625
2843
6200
1356
477
5249
251
7
3300
180
4978
5266
66
3798
4890
5050
346
3040
1883
3392
5388
3730
1567
4129
6648
1281
1164
6381
790
83
138
4468
207
4414
6547
4645
3188
2370
6201
5819
6314
2163
6854
827
1084
5598
2860
1721
1162
640
1542
1984
1569
5459
5286
3799
1381
6546
1485
4694
5177
6481
5460
4815
4504
5228
2870
5807
2681
890
5238
1679
781
1413
3476
5863
5035
1954
5922
3976
2447
1128
5152
896
4817
5794
2318
6848
1316
4288
926
1775
2449
1761
5988
5242
700
3816
1461
2101
6669
2659
1271
6430
3144
601
1257
3017
361
4057
734
6069
1357
6199
1415
6326
4671
6321
5374
5704
6635
3727
4738
3358
2836
2966
6557
6700
5940
6124
5751
6944
6151
666
3089
3854
5081
6193
5519
4364
6514
2919
6249
5125
3306
3041
4032
2118
5714
5936
6875
2690
4711
5669
2506
5282
4564
89
2614
4053
3339
96
2775
2925
1647
4481
5150
3567
6915
3707
3726
2232
3805
1379
3712
6061
1716
5392
1015
3451
2785
2896
1443
2233
4105
6931
2058
3853
4770
5927
5279
6372
2065
1643
3874
2033
676
3350
3246
4282
3234
618
1340
4226
3508
3172
5783
2382
168
1038
4685
4140
5327
1670
1591
475
4522
6742
6686
289
5290
1283
3308
977
5292
5824
1865
6087
6064
6075
6287
247
3103
4661
6565
1489
6974
3353
137
5861
2153
4411
5256
633
1784
6886
3589
3879
4003
6811
2196
631
2283
1622
6333
3586
500
3655
2640
1246
1616
1921
1922
3505
604
5750
379
2274
809
4983
3472
1083
1085
388
2811
2463
4839
3539
2038
1704
1701
6194
2251
5009
2586
4349
82
58
3779
1471
2484
6252
621
542
6865
3506
6331
1210
4878
1736
209
3362
2914
5483
2537
6278
6403
2862
582
1197
2069
2568
6780
5522
376
4136
1478
1184
4071
6698
1432
6936
6384
1753
5536
6984
2334
1554
5734
5954
5025
2009
5779
1293
3124
1399
5799
2585
3782
6626
6667
2365
1849
4051
5677
3023
394
6707
5848
5396
230
1627
4555
6593
3293
5169
3190
4826
1819
6330
4907
3060
6004
3380
736
5254
920
1278
2749
4950
6048
819
6032
3134
402
5502
5981
2289
1317
1522
4188
5858
4614
2051
6111
6673
1446
5408
2155
1661
2940
3803
4641
2342
3691
4216
6812
2605
3809
4189
4367
1968
105
5732
448
3740
6434
5647
3601
6570
1081
4397
4063
232
4443
6772
2732
6429
6618
2154
2143
5765
774
843
6179
5979
6206
4656
3135
6136
3964
1005
5061
4521
3521
1931
5165
2383
4970
2409
3540
3785
488
2476
6015
465
2567
1879
5401
2665
786
6524
5800
3416
2866
1551
2709
3511
2573
5297
3163
4827
5051
6401
1339
1937
863
285
6175
3034
2027
4946
3550
1898
4324
419
2499
4138
610
6577
3145
1401
499
1392
3765
3304
5915
1641
6085
643
2043
2983
5585
6056
2273
1810
3441
3494
3599
6757
5232
6744
78
6535
5660
2657
1065
4919
382
5987
5906
3689
1037
5527
1453
6847
3479
286
6320
2292
6867
2117
1917
4089
1151
6235
4185
6639
3621
3440
1166
5996
2080
1408
1660
2957
1213
3028
909
5362
675
6975
5866
4124
6172
6011
141
4740
2068
2989
5850
208
899
4113
1990
2563
3487
3735
6710
1114
4606
1871
5755
255
6302
5754
4251
1183
6511
1906
4710
6631
4726
4866
1584
3231
6803
187
3171
4540
5447
1059
625
6903
4408
4457
2185
6355
3872
2934
1030
5346
6378
5580
5102
6094
4223
5587
6528
524
2530
6921
329
4087
2786
1136
2888
2211
5550
5625
641
2869
4347
2151
5811
5546
3800
5229
6258
4515
760
1376
6454
1000
4690
877
6009
4686
2099
2894
4
6740
3867
4337
4454
6896
5544
4058
1870
3630
6701
6144
4804
5375
3887
5487
5967
3802
4354
3341
6979
3641
653
5767
995
482
2336
5123
5258
3711
5195
6477
2197
3007
5312
432
2404
4899
5116
5474
2634
4265
406
4050
4167
6357
5024
5795
6220
2105
1697
509
1861
3869
6339
6347
3066
4938
1023
2917
4306
667
5574
4928
3744
805
4718
3938
4657
6041
4550
829
4015
986
3788
1650
4031
4390
1834
3687
2096
3993
200
3098
479
370
2559
6500
3608
1541
4131
1593
507
6575
3481
6906
4966
1286
47
2694
1156
5021
5720
5572
1261
6709
511
480
178
5998
2588
697
4157
6084
5854
5082
313
176
6825
4683
4190
3335
4197
4596
1619
1733
4681
2593
3613
2187
2304
3531
5016
6609
2339
6693
4881
6819
4165
4801
2198
1218
2815
4921
6800
4565
2136
3069
2796
1004
4327
2349
5399
4170
6114
5839
2114
5003
2610
934
972
271
807
1298
3820
107
6814
411
4507
3948
6005
2257
4524
52
28
849
873
3974
3026
3624
20
1481
6435
4247
6589
2315
3467
6170
328
6884
6405
5683
1361
6834
3821
4737
2703
3886
5336
3745
2111
5255
5723
6912
4491
4810
310
5931
6672
5435
3474
1185
6264
1028
3903
4489
3365
626
5319
5617
5174
6583
6567
1474
4062
1797
2307
5916
491
494
5185
2788
1075
2121
1179
706
3283
6433
5432
2936
5092
1327
5812
4882
5742
4445
5919
4153
5155
3573
4111
951
6724
6292
5561
2652
352
623
4333
355
2877
1301
1209
5500
2587
442
773
3186
2783
1296
5982
1268
3427
1440
4996
5049
363
5661
6761
6981
6759
4886
2501
4067
4621
3575
2795
1445
984
573
537
1611
1715
6338
5277
437
1600
4545
3237
4207
5417
6234
1112
1326
860
6260
5552
6313
4245
6645
1347
1211
3690
3746
446
2241
728
6508
2047
6465
4471
435
4202
1071
1711
4751
6606
3406
2975
5450
4363
4416
4597
2978
5421
594
24
3811
1768
481
256
2662
4758
5630
4563
51
267
958
2472
2446
6835
1539
4860
1486
1078
4790
3685
4787
2892
3042
6763
1956
4458
6519
2672
6420
2288
944
6608
301
5623
2900
4369
2022
2865
476
552
800
1054
6986
905
5156
3466
5684
6480
5220
5966
4672
3414
2806
818
6261
1896
2956
916
2922
4843
3647
1237
1617
2423
184
3271
6833
3288
3338
548
3868
4339
4375
3138
5240
108
6882
4096
2246
5436
6708
4044
6732
2213
3845
6872
6718
1892
3670
780
4448
6664
1945
5731
6366
1426
1101
2359
4463
6802
4813
2203
1602
6202
5105
1171
846
1416
1337
36
2388
438
656
3708
1409
2529
6262
404
530
2127
6992
867
2995
4753
603
2495
2650
354
2302
6779
2275
278
6911
4727
63
2235
2784
1583
1667
5038
405
2444
3790
3074
2059
2165
5384
3375
5251
351
3653
5069
5870
4947
4193
4917
6192
1821
3602
2092
4322
2206
2459
6893
954
3249
3796
889
5433
3551
3336
2504
553
5631
6196
1108
4588
1774
4851
4005
1429
6329
3374
1540
30
5658
6797
3292
2628
4093
1509
895
5728
712
6682
5556
777
5532
6883
2437
3525
6935
5890
3432
3329
3152
2754
6040
485
48
4900
3884
6445
3721
3934
5381
5797
5741
1692
4338
4294
1182
233
4604
3830
1730
2553
3130
4451
3477
1790
2950
297
3430
1150
6675
1343
5581
2793
5350
6242
2661
6421
3541
274
1190
2798
985
1864
1253
4741
5285
5529
4497
1561
6665
1331
4632
3400
6017
5241
5833
4493
3003
6497
5929
414
6297
6365
4224
5956
1618
1088
5298
3977
1410
1243
3810
2103
2839
1345
513
5394
269
6926
3274
1244
461
2737
1363
5498
308
802
3185
2254
874
2638
1026
6644
3667
5782
3303
4002
5961
6676
6767
3592
5121
2566
1668
6303
1678
1011
5088
3652
1099
6293
6747
4585
2188
2856
6167
2971
1620
1841
4880
4252
1577
1282
2323
2486
679
3553
4427
4799
1748
4573
3120
3832
5853
3870
3399
1109
776
627
386
245
1155
5461
3062
6849
1193
4954
1419
1997
177
4959
5262
3276
5295
4043
6185
5133
4833
5747
5363
4829
2303
2424
2414
4654
4533
1014
1424
4623
794
3006
1823
812
3445
5029
1234
5926
733
550
2494
6212
4082
6578
3209
680
343
3047
3216
467
1907
4519
620
2909
2689
1175
6363
2397
6225
6001
2938
810
6237
6270
1944
5141
4942
2781
941
3208
2175
787
538
2469
3932
3373
3050
1913
2060
927
26
4049
2755
3603
6855
942
2816
3969
281
4697
4400
3747
182
2000
3398
5001
4837
732
6148
1034
1992
5341
4835
2120
1928
3920
2541
770
5342
5188
3908
1657
2958
4981
6840
2244
6368
1979
2997
1592
3452
5511
109
2613
1980
961
586
3097
6988
5054
5872
1259
808
1757
3393
5428
1159
3277
5600
3561
6738
1082
3545
5705
3173
4210
3319
60
3861
4893
2180
3718
2591
980
5225
6376
1686
4761
4818
3058
3294
2443
5932
4635
87
2321
3110
4123
6250
3797
1901
6232
2317
49
545
567
6345
1912
1962
6957
2142
5163
1168
4575
1776
4146
5873
1305
1967
3633
6190
6467
86
5248
5903
6671
25
2631
2061
847
913
2490
5142
5080
1740
3055
4029
940
6873
3955
3076
2810
2410
4974
6973
6311
759
1589
5563
1858
6716
1590
1537
1323
4335
4684
1472
4990
2031
3650
523
6359
1760
4018
939
6838
6540
717
4198
6230
5621
2481
4281
5593
471
42
4574
4169
4183
5166
5018
3860
6901
5180
6556
1463
5577
6419
1073
1118
5234
3266
2954
6634
983
4011
4797
4475
3360
3598
3848
4077
6920
5076
576
6823
856
630
6219
564
5367
5139
1942
3290
4577
455
5569
492
6680
7000
1105
6126
4162
3463
2480
824
525
4991
2670
5801
1544
1129
3968
866
6371
4652
6367
5462
3819
3229
123
3260
2220
3698
5733
2821
2664
1423
5458
191
6566
6616
5589
2496
3828
3164
763
6404
4377
6189
6298
6160
4879
2742
420
6885
273
93
6998
5994
3495
5935
6934
5068
6217
784
5526
188
160
1267
1843
445
4572
6026
3527
3149
1743
1998
778
4745
4763
6361
6594
2078
6520
832
6461
5769
4007
2222
4536
1100
3305
2921
6658
2144
4605
4876
5175
4750
1055
4240
1428
1313
841
5390
4979
457
5829
1813
2226
5130
1511
5099
5646
686
3950
2637
4551
4669
5145
5270
4939
6829
6845
5268
1266
6596
3312
2296
1683
992
5226
820
2606
1727
1644
3436
5700
5124
588
2171
5308
3429
570
2973
4529
3947
6683
5676
6588
5007
3683
3212
4771
4035
4446
18
5157
4535
2034
6755
5223
4120
5885
4358
5109
6607
3285
4559
5465
101
2930
976
1235
6165
199
5693
43
3695
3148
2340
4147
5404
2212
263
2291
2236
1991
3500
3547
5738
6410
4070
854
4603
6805
3973
5083
3147
4994
798
2337
2088
4593
793
2607
5403
5189
6145
6263
6343
129
14
314
6666
1249
2376
2052
1033
2908
1276
1792
4503
242
2028
5456
2977
4724
614
2392
3181
1049
3524
1746
6980
5338
1873
4307
6791
323
4268
5386
3323
5703
6247
1044
2399
5851
5933
1724
1908
3881
2164
288
4019
4466
3407
5204
2963
5440
3756
2604
5307
1199
4336
6521
4523
5925
3841
5108
566
3191
4779
3939
3866
1750
960
3510
4836
3159
1953
6643
6077
3523
1671
5415
3637
1303
3980
4293
6530
1214
2999
3307
2905
202
1143
4951
5886
2947
6130
1035
6828
4911
2887
5557
3256
1815
72
4133
991
4952
1351
2580
6187
4264
605
2511
5224
2619
989
3284
3701
4971
5305
2201
2400
3226
5058
124
5017
6463
6491
307
4276
198
2939
5140
3384
392
5889
2753
306
718
4925
4554
1393
1576
1905
6768
1402
3462
413
3326
6647
2403
3752
172
2054
5127
560
5518
5194
2231
6592
2253
1994
4782
35
948
3522
3855
6118
4269
1946
384
2692
6489
4010
3204
5441
6539
317
5516
4607
587
4720
6072
6407
767
115
2819
4943
3623
2685
2032
1710
1334
1390
5013
3070
4485
4762
2279
2046
6604
1706
2713
6754
1947
2760
2418
4472
4842
6696
3314
4151
3945
3447
2184
2858
5094
1290
2230
3291
1117
4619
2039
1681
4972
4924
6322
81
3203
3924
1914
3320
3428
2629
322
6551
6932
1952
1365
4122
5655
1452
5032
1983
919
3333
3957
2855
3665
497
1157
2715
1496
4691
575
2375
6533
4617
3953
1436
2886
6587
6304
1338
4304
5690
2725
1919
4246
1160
2598
6581
2599
4636
1418
5355
1195
2714
1652
1612
1174
2345
4041
1700
6746
2011
1254
6107
4406
3684
2807
4401
4733
1483
2416
4101
4688
5864
6157
4510
6630
6966
4350
70
2055
4273
1851
1013
4873
4152
4820
3394
5347
6839
496
3748
5862
699
4141
3282
6714
5409
2508
6653
4599
1103
4576
5785
6679
6706
5768
4941
2083
3116
214
443
1809
3700
638
619
3918
6272
6431
4677
5167
3702
2682
1654
4422
2281
2471
4334
3504
6180
2225
5322
5761
2147
1464
1291
22
3214
2898
2066
4254
5485
3912
5567
1695
3177
2986
5736
2448
5065
600
3158
4270
993
6597
662
140
6894
1556
6775
3940
5437
701
5803
1766
1923
2411
369
2500
5960
4546
1191
2462
2720
1548
6358
2527
1890
5626
1969
1852
5613
2594
4025
6178
6153
5085
3723
3593
2301
2474
3491
1665
3543
1682
685
5356
1377
3526
287
2523
2621
3405
6248
6003
3871
6947
2097
3086
682
4788
2543
3364
3492
5562
3615
534
3705
3916
2552
3094
5397
578
3386
6573
6154
2042
3038
5965
3900
5665
636
2884
3557
5052
4204
1438
6116
3714
1455
3235
4508
1309
2827
5590
6455
2199
6555
2746
2734
6452
3296
609
4502
6447
6055
999
1490
814
5910
3815
3131
3931
4209
125
3775
5921
136
5172
6047
5269
502
2731
2371
3184
5353
914
5565
2439
6725
3310
1731
2166
6946
4215
5475
1294
4674
6168
2554
4342
3837
6097
2832
3140
6599
663
2718
5570
2776
429
2789
6466
3640
5244
6451
5564
206
5970
3033
2825
1202
1812
2962
2190
2538
2787
1245
4027
4525
3354
6888
3919
606
4816
391
5575
2582
2421
4993
2140
5753
1803
3671
4715
4360
4612
3418
4653
362
3982
4180
1324
6997
5688
1314
4332
3783
4721
3927
3579
3677
1279
1882
1228
3073
1867
581
2076
1344
2949
4705
4100
6348
261
2929
1057
1925
3114
4793
3193
5493
1394
2577
4807
3634
4244
4756
292
1093
2617
5113
4434
4315
6560
5682
2491
3554
2106
1387
6506
562
4194
2507
3618
6325
2550
4730
6002
2704
5359
3242
5835
2130
2258
6689
6105
792
4464
628
64
276
1547
3614
6864
6259
6134
2001
1986
888
6226
6285
6221
5838
3015
1238
2741
952
1145
5842
2433
4712
4708
5983
4819
740
3465
4303
1920
3105
6584
6505
5426
1125
6523
2406
3127
1277
1333
6147
4501
3901
2560
4470
6636
746
2271
3020
4160
1398
4379
2322
5064
1816
708
2751
2509
2772
1058
4775
2623
6050
5825
5977
1322
2756
1319
2721
5627
2624
4644
1899
157
4421
5463
617
5607
4976
1523
4777
1786
2112
3378
4119
2450
5679
3238
5168
1820
4747
4526
152
6962
3835
3396
6205
2242
275
4220
5887
4955
4346
1558
2891
5543
3666
2075
6633
2373
284
5086
6892
5278
224
5913
6427
6561
764
727
6446
2824
6728
2916
5545
4438
4085
5314
1
3876
390
1135
1608
4859
5351
6375
5190
1457
1720
2981
3643
2243
5978
4707
1553
3917
3804
6623
4678
3724
1897
3850
6188
4703
6564
5257
6274
1754
1552
6730
3347
1032
131
2928
1666
6088
1696
2697
4430
730
4072
3262
6071
3156
4368
2935
262
113
3
5701
6685
1315
894
3743
6646
3777
5641
2221
6719
5186
6006
1833
4975
3104
17
2268
4283
450
5584
5834
1465
2489
4987
84
2350
1862
4791
469
1149
6928
2377
3600
4828
4174
5434
6183
6423
5952
5820
4014
5817
3497
6842
3659
6898
4794
341
3544
5639
2346
5135
975
4498
6826
1104
3321
2942
3951
2842
4023
2835
1248
4459
221
3983
971
4232
6789
3672
1019
6783
3787
4666
4221
4856
2688
6777
4774
3956
2931
3507
2255
3207
2520
6207
2194
6399
6769
3781
5538
4008
6020
3713
1148
5162
2007
6203
2331
6277
5063
3925
632
3275
244
5416
2455
74
190
4665
1971
602
4998
4455
1230
6661
4594
5273
4059
1395
678
6318
2920
6798
5776
6991
6028
1918
4902
5293
3337
2030
6425
973
526
1632
5856
4442
3990
1295
2102
1302
851
23
94
6267
683
1119
6995
2752
1770
6654
3448
6968
5471
6276
6362
1575
936
2802
1153
2021
6612
3085
4479
6624
5318
1289
3051
4642
3833
2284
2555
4926
3027
2325
1477
6866
4883
205
2510
4789
692
3456
1524
1052
1273
1066
506
2025
6816
3904
6120
2182
1480
166
5115
5473
347
4675
799
4155
2602
4625
6877
5412
4662
431
5147
1280
3309
6204
5206
3935
5814
6983
6841
2660
153
3965
5323
483
1427
4178
4722
1070
4755
2979
3139
1607
1759
6692
4370
2215
3210
5197
5729
4292
5951
6541
5413
670
2666
1702
5745
571
4106
2533
6510
3268
38
4812
4384
5045
3582
3537
1910
2847
996
1362
5687
6794
3859
3199
4431
4279
5898
340
5695
4429
3327
5871
2880
3100
6652
3369
6881
5746
5423
6737
956
4904
3596
2217
4963
6373
6711
5196
5405
1824
1176
3049
5717
1534
2328
6950
3496
3893
6449
4786
4001
6080
3409
167
1887
2064
1574
2207
935
6122
2632
3807
12
1659
1017
8
3895
1985
433
6323
2574
3433
4299
2170
4450
4517
3421
3560
6660
65
2663
19
6743
5568
2693
4068
56
3189
5918
4154
3709
5143
1536
3725
3595
121
2119
2124
2023
1628
1767
1778
6408
5484
4355
250
5878
2070
1205
1853
1780
3574
2311
844
6291
4629
9
4280
4086
6317
1407
3755
5004
5198
6174
3620
5710
5827
5071
3126
6332
3298
415
2691
1807
5239
4571
5271
4845
6382
5368
6969
6150
2808
4295
5114
2312
4906
5296
11
813
4272
1653
3897
1091
4047
1613
3991
5656
6910
1307
6083
2596
2095
4877
5060
1691
1172
527
2612
1207
312
2264
4112
6655
2094
5620
3778
6949
2352
1378
4584
5191
1217
6532
1734
3905
4701
2680
2881
2261
3316
6360
3123
3217
3568
4759
2959
4060
6113
2146
4578
296
1893
1163
2427
225
1625
4249
1963
2558
1274
1875
3562
3385
5149
3010
367
2897
2848
6074
6694
629
4407
385
907
3720
4348
349
4500
4968
6290
4248
5673
4499
333
1069
684
3391
3192
1252
6971
5725
2100
2708
3801
3002
3631
1045
6806
2669
6244
3289
2902
1466
4297
2089
2834
6595
900
4199
1308
259
3766
1970
1072
5207
710
5943
1673
3646
6951
607
6424
5027
1050
2386
3092
4108
579
611
3468
3167
2992
6443
2044
4091
2686
3999
1961
6238
5813
2109
1745
2850
4901
5997
3153
5643
3056
3529
5370
515
6125
3963
6289
1765
6013
5073
3571
1741
3334
2113
752
1777
117
1089
1380
4864
5739
1002
3913
4012
2990
1142
2830
6586
6989
5715
6054
4296
6393
358
2014
1874
713
3758
2826